3,4,99~5,4,99
2,3,284~4,3,284
2,8,66~4,8,66
1,6,165~1,7,165
5,7,256~7,7,256
0,5,279~2,5,279
4,8,46~6,8,46
4,0,69~4,3,69
2,1,244~2,1,247
3,8,178~6,8,178
9,4,263~9,7,263
5,1,135~8,1,135
5,4,66~8,4,66
6,7,21~9,7,21
0,0,120~2,0,120
6,1,61~6,2,61
3,6,213~3,8,213
9,7,288~9,7,288
4,9,115~6,9,115
1,0,143~1,1,143
7,4,99~8,4,99
9,4,266~9,7,266
0,1,187~0,3,187
6,5,184~9,5,184
7,7,61~7,9,61
0,2,112~3,2,112
3,0,32~3,2,32
0,2,81~0,4,81
5,2,82~8,2,82
7,5,12~9,5,12
3,8,169~4,8,169
1,2,3~1,3,3
4,7,23~4,9,23
6,4,68~6,6,68
6,4,82~6,5,82
1,1,272~1,2,272
9,3,22~9,5,22
9,0,3~9,0,5
1,4,178~4,4,178
4,5,186~5,5,186
1,0,139~1,2,139
9,8,81~9,9,81
0,7,272~0,9,272
6,8,48~8,8,48
4,1,181~4,3,181
3,7,69~3,9,69
0,4,247~2,4,247
3,1,76~3,3,76
6,4,98~8,4,98
6,5,7~6,7,7
8,7,204~8,9,204
9,4,87~9,6,87
9,0,125~9,1,125
2,4,276~5,4,276
4,4,108~4,7,108
3,6,58~6,6,58
6,5,267~6,7,267
9,6,114~9,8,114
7,2,12~8,2,12
0,3,83~0,4,83
4,3,184~5,3,184
0,2,156~0,4,156
7,7,116~8,7,116
2,1,271~2,4,271
0,2,78~2,2,78
1,8,61~1,8,64
1,2,123~1,5,123
3,0,34~3,1,34
5,4,91~5,4,93
5,5,199~5,7,199
8,4,138~8,5,138
1,4,158~1,5,158
1,7,202~3,7,202
5,2,105~5,2,108
0,5,281~0,7,281
6,8,128~6,9,128
7,4,49~9,4,49
6,7,108~6,8,108
2,9,183~4,9,183
5,1,228~7,1,228
3,3,29~3,6,29
3,5,233~5,5,233
8,1,41~8,3,41
8,8,82~8,9,82
1,3,21~1,5,21
2,2,84~2,4,84
3,6,226~3,8,226
0,4,82~0,6,82
7,3,108~7,5,108
5,9,189~5,9,191
7,4,37~7,6,37
6,5,73~8,5,73
6,1,13~6,4,13
6,0,22~6,2,22
9,4,119~9,5,119
2,1,58~2,4,58
6,8,196~8,8,196
0,1,132~3,1,132
0,4,23~0,5,23
8,5,9~8,6,9
8,1,145~8,2,145
0,6,190~0,6,192
1,7,250~1,8,250
3,2,75~3,4,75
5,0,159~5,0,159
0,0,50~3,0,50
3,7,255~3,7,257
6,3,30~8,3,30
8,2,44~9,2,44
6,8,154~6,9,154
7,5,279~7,5,280
6,3,161~6,3,162
8,5,26~8,5,27
6,3,101~6,5,101
6,3,57~9,3,57
9,3,265~9,5,265
2,4,288~5,4,288
1,4,76~2,4,76
5,5,209~8,5,209
2,0,127~3,0,127
2,8,185~2,9,185
2,5,194~2,7,194
2,2,212~2,5,212
5,8,288~7,8,288
3,3,62~3,5,62
3,9,89~3,9,91
5,1,275~5,3,275
7,3,93~9,3,93
0,8,256~3,8,256
5,5,6~7,5,6
6,7,165~6,7,168
0,1,162~0,3,162
6,7,105~8,7,105
4,8,175~6,8,175
8,1,40~8,3,40
4,4,114~4,4,116
5,5,39~5,7,39
8,6,3~8,8,3
8,1,214~8,3,214
4,1,70~4,1,71
7,3,202~7,3,203
4,5,266~6,5,266
3,1,185~3,4,185
3,3,200~3,5,200
3,5,187~4,5,187
5,5,55~5,8,55
9,8,36~9,9,36
2,5,99~4,5,99
4,9,7~4,9,10
0,4,34~0,5,34
4,2,121~4,3,121
1,4,156~1,5,156
0,5,75~2,5,75
9,2,101~9,4,101
6,6,260~9,6,260
9,4,134~9,6,134
5,0,164~7,0,164
6,2,45~9,2,45
0,4,264~2,4,264
1,3,269~1,6,269
9,3,123~9,3,125
2,1,130~2,4,130
1,4,148~3,4,148
5,5,66~5,6,66
1,4,263~4,4,263
9,7,123~9,9,123
8,1,231~8,3,231
5,6,12~5,7,12
3,2,52~3,3,52
4,4,32~4,4,34
1,8,258~1,9,258
7,2,9~7,4,9
6,3,198~6,6,198
1,0,161~3,0,161
7,2,4~8,2,4
4,5,120~4,8,120
6,3,280~7,3,280
7,6,258~7,8,258
0,0,51~2,0,51
0,3,36~1,3,36
4,1,60~4,1,62
2,1,189~2,3,189
4,0,248~4,0,250
2,4,19~5,4,19
2,2,273~2,2,276
0,8,193~0,8,196
9,8,131~9,8,133
1,1,134~1,3,134
5,5,236~7,5,236
2,5,168~4,5,168
7,2,200~8,2,200
2,4,66~2,4,68
4,3,289~6,3,289
7,1,202~9,1,202
1,3,268~4,3,268
9,3,271~9,6,271
7,0,276~9,0,276
0,2,196~0,5,196
3,2,129~3,5,129
6,8,93~8,8,93
0,8,124~2,8,124
1,2,221~4,2,221
8,2,56~8,4,56
2,9,28~5,9,28
6,6,182~7,6,182
4,3,178~5,3,178
3,5,33~4,5,33
7,8,108~8,8,108
5,9,155~7,9,155
2,0,81~2,2,81
4,0,194~7,0,194
6,0,197~9,0,197
7,1,242~7,3,242
0,7,90~1,7,90
0,5,16~0,8,16
3,8,117~5,8,117
5,1,233~5,3,233
3,7,22~4,7,22
7,8,22~9,8,22
9,1,94~9,1,94
3,1,244~4,1,244
6,2,84~8,2,84
2,9,298~3,9,298
9,4,133~9,6,133
4,3,17~4,5,17
4,2,200~4,5,200
2,9,293~4,9,293
3,5,17~3,7,17
7,4,155~8,4,155
2,7,261~4,7,261
0,0,163~3,0,163
6,8,116~9,8,116
1,1,140~4,1,140
1,7,44~1,9,44
0,0,7~0,2,7
2,5,228~4,5,228
9,1,19~9,4,19
0,7,68~0,8,68
1,4,142~1,6,142
4,5,226~8,5,226
9,6,275~9,7,275
3,8,236~4,8,236
5,5,93~7,5,93
3,9,85~5,9,85
7,9,35~9,9,35
8,3,286~8,5,286
6,9,105~6,9,105
0,4,253~0,7,253
9,2,17~9,5,17
5,0,175~5,3,175
6,5,18~6,7,18
6,2,158~6,4,158
6,7,14~6,8,14
2,4,14~3,4,14
3,3,152~3,3,155
7,4,87~7,6,87
3,1,236~5,1,236
7,0,23~7,2,23
3,6,25~3,9,25
7,3,135~9,3,135
6,3,37~9,3,37
5,1,284~7,1,284
8,7,143~8,9,143
4,3,155~4,5,155
2,4,73~5,4,73
8,5,99~9,5,99
9,0,219~9,1,219
0,5,14~3,5,14
2,8,10~2,9,10
3,4,106~3,7,106
4,5,145~4,7,145
8,4,278~8,7,278
0,2,26~0,4,26
5,9,131~8,9,131
1,4,72~1,5,72
4,3,111~4,4,111
8,0,81~8,1,81
2,4,79~3,4,79
0,9,80~0,9,83
7,5,34~7,6,34
8,2,43~8,3,43
4,9,12~6,9,12
4,6,196~7,6,196
3,8,27~3,8,27
4,5,262~6,5,262
1,7,240~1,9,240
9,2,269~9,5,269
1,6,162~1,8,162
0,0,89~1,0,89
8,2,144~8,3,144
3,0,264~6,0,264
0,5,157~0,6,157
6,4,8~6,4,10
4,6,224~6,6,224
2,3,154~2,3,158
2,5,277~4,5,277
4,8,43~7,8,43
0,6,245~2,6,245
5,1,136~7,1,136
5,1,207~5,2,207
7,6,214~7,9,214
8,0,235~8,2,235
1,6,35~1,8,35
4,6,54~4,9,54
0,5,31~3,5,31
0,4,20~3,4,20
1,1,48~5,1,48
7,2,11~9,2,11
3,5,174~3,7,174
4,7,290~4,9,290
4,0,16~6,0,16
2,9,238~4,9,238
6,8,105~9,8,105
1,2,115~4,2,115
9,0,272~9,2,272
6,6,21~8,6,21
6,1,282~6,3,282
0,8,56~0,9,56
3,2,110~5,2,110
2,5,43~4,5,43
8,0,53~8,2,53
4,5,20~7,5,20
6,4,49~6,4,52
9,0,275~9,1,275
1,2,161~1,5,161
4,2,202~4,2,203
9,3,46~9,4,46
0,5,103~0,7,103
0,3,257~3,3,257
8,9,42~9,9,42
4,0,198~5,0,198
1,4,107~1,6,107
7,5,178~7,7,178
4,2,286~4,4,286
4,8,115~5,8,115
0,9,75~0,9,77
6,5,71~8,5,71
5,9,167~7,9,167
9,3,206~9,5,206
6,0,214~8,0,214
0,6,69~0,8,69
8,6,67~8,7,67
3,0,256~6,0,256
7,0,130~9,0,130
7,2,2~7,5,2
7,4,32~7,5,32
9,5,32~9,6,32
2,4,169~2,5,169
7,7,261~7,7,263
7,6,119~9,6,119
1,6,167~1,6,167
6,5,74~9,5,74
7,9,8~8,9,8
3,1,31~5,1,31
6,1,110~6,4,110
8,6,81~8,8,81
2,9,34~4,9,34
6,5,40~6,8,40
2,1,219~2,3,219
1,4,210~4,4,210
5,3,185~7,3,185
0,2,265~0,4,265
1,8,29~3,8,29
2,7,124~4,7,124
7,7,179~9,7,179
5,4,88~8,4,88
5,2,197~5,4,197
5,4,266~6,4,266
6,2,130~6,5,130
2,6,82~4,6,82
8,6,281~8,8,281
2,7,285~4,7,285
2,5,197~4,5,197
3,5,79~3,8,79
2,6,205~2,7,205
1,5,33~1,7,33
8,4,40~8,5,40
4,6,48~4,9,48
0,5,185~0,8,185
1,7,47~2,7,47
3,5,280~3,8,280
1,6,87~1,7,87
7,1,21~8,1,21
1,1,213~1,4,213
5,2,51~8,2,51
6,7,17~7,7,17
3,3,177~3,6,177
2,2,239~2,4,239
9,5,14~9,7,14
5,9,107~5,9,109
5,5,208~8,5,208
2,0,155~4,0,155
7,2,125~7,2,127
0,7,6~2,7,6
9,0,32~9,0,33
4,6,111~6,6,111
0,9,5~3,9,5
4,0,261~6,0,261
3,2,142~4,2,142
8,2,147~8,3,147
5,1,32~7,1,32
9,6,97~9,7,97
3,7,76~6,7,76
5,3,4~5,6,4
3,5,173~5,5,173
9,1,217~9,3,217
0,0,20~3,0,20
7,3,127~7,5,127
2,6,225~4,6,225
6,7,107~6,8,107
8,4,63~8,7,63
4,9,250~7,9,250
6,4,284~9,4,284
4,7,188~4,8,188
6,3,168~9,3,168
7,1,143~9,1,143
1,1,42~1,3,42
7,5,181~7,5,183
6,6,287~6,9,287
4,5,258~4,7,258
6,3,16~6,3,16
7,1,5~9,1,5
2,9,42~2,9,44
8,2,62~8,2,64
9,8,125~9,8,127
3,6,31~3,9,31
1,0,84~4,0,84
7,2,179~7,4,179
5,6,6~8,6,6
6,0,216~8,0,216
3,7,190~5,7,190
0,8,267~2,8,267
1,4,237~1,6,237
4,9,3~6,9,3
7,1,201~7,3,201
3,4,266~4,4,266
6,7,286~6,9,286
4,2,11~4,2,12
0,4,88~0,7,88
5,2,204~5,3,204
2,7,66~3,7,66
3,6,18~3,8,18
4,6,129~4,9,129
2,1,29~4,1,29
9,0,122~9,0,124
0,2,84~0,2,84
9,1,88~9,3,88
7,7,280~8,7,280
5,6,193~5,8,193
5,3,188~6,3,188
9,7,17~9,9,17
5,6,257~5,7,257
0,2,29~3,2,29
2,4,9~5,4,9
6,0,19~6,0,20
1,3,101~3,3,101
1,3,41~1,6,41
5,0,169~7,0,169
1,3,67~3,3,67
2,0,153~2,3,153
9,4,98~9,5,98
5,7,58~8,7,58
1,6,84~3,6,84
7,2,71~7,3,71
1,0,158~4,0,158
0,2,203~2,2,203
8,9,83~8,9,85
5,4,7~7,4,7
0,9,9~2,9,9
9,2,117~9,5,117
4,7,233~4,8,233
0,4,244~3,4,244
4,6,169~6,6,169
5,7,163~7,7,163
0,0,60~3,0,60
6,0,200~8,0,200
5,0,166~5,0,168
7,3,188~9,3,188
0,4,55~0,8,55
0,0,123~2,0,123
9,2,194~9,4,194
1,3,276~1,4,276
2,0,197~5,0,197
9,7,44~9,9,44
2,1,214~4,1,214
6,1,225~6,2,225
4,0,154~6,0,154
1,9,87~2,9,87
3,9,186~6,9,186
6,2,168~9,2,168
2,7,126~2,9,126
4,3,144~4,5,144
3,3,84~5,3,84
0,6,196~0,7,196
8,3,276~8,6,276
6,7,8~6,7,10
3,5,151~3,7,151
6,3,104~6,3,107
9,6,106~9,8,106
0,6,58~2,6,58
9,6,90~9,7,90
0,4,18~4,4,18
4,5,35~4,7,35
5,0,191~5,3,191
2,1,93~2,3,93
3,1,21~3,4,21
6,0,113~6,3,113
5,2,272~5,4,272
1,0,12~1,3,12
4,3,281~6,3,281
4,0,210~6,0,210
1,8,121~4,8,121
6,5,47~6,5,47
1,7,214~2,7,214
6,9,134~7,9,134
7,4,191~7,7,191
8,7,66~8,8,66
0,3,155~0,5,155
5,8,83~5,8,83
0,6,26~2,6,26
5,8,207~5,8,208
1,4,70~4,4,70
6,2,59~8,2,59
2,1,188~2,3,188
4,7,231~4,9,231
9,0,133~9,3,133
4,9,233~7,9,233
0,7,255~0,8,255
7,6,80~7,9,80
4,3,95~4,6,95
5,9,247~7,9,247
4,4,235~4,5,235
8,3,82~9,3,82
0,6,52~2,6,52
8,3,217~8,3,220
4,4,201~5,4,201
6,0,117~8,0,117
6,7,83~8,7,83
1,4,265~1,6,265
7,7,238~7,8,238
6,6,151~6,8,151
1,4,242~1,6,242
4,8,135~7,8,135
9,2,211~9,4,211
3,1,8~3,2,8
9,0,29~9,2,29
1,5,192~3,5,192
6,7,90~6,8,90
0,8,269~0,9,269
3,5,166~5,5,166
2,9,105~5,9,105
1,0,119~3,0,119
0,5,210~0,5,213
1,0,47~1,3,47
8,1,141~8,3,141
0,2,150~2,2,150
6,6,125~6,8,125
4,9,165~6,9,165
8,3,25~8,5,25
6,3,176~6,5,176
4,3,66~6,3,66
4,6,51~6,6,51
0,8,190~0,9,190
2,3,150~4,3,150
2,0,61~2,2,61
4,5,57~6,5,57
8,1,201~9,1,201
5,4,277~5,4,279
0,0,272~0,3,272
3,8,205~5,8,205
2,2,46~5,2,46
3,3,171~3,5,171
3,0,152~5,0,152
3,3,132~3,6,132
4,9,162~7,9,162
7,3,16~7,5,16
1,4,270~1,4,272
7,1,127~7,1,129
6,4,189~6,5,189
1,3,275~1,5,275
9,1,135~9,2,135
1,0,80~1,2,80
0,3,95~0,5,95
7,3,158~7,6,158
7,5,106~7,8,106
8,0,120~9,0,120
4,6,37~6,6,37
7,3,290~7,6,290
2,9,70~3,9,70
9,0,144~9,2,144
3,5,16~5,5,16
0,7,204~1,7,204
7,6,24~7,6,27
8,5,38~8,7,38
0,6,38~3,6,38
0,8,127~2,8,127
3,8,185~6,8,185
3,6,184~5,6,184
1,6,12~1,8,12
3,1,65~5,1,65
9,5,273~9,7,273
4,3,234~5,3,234
0,7,11~1,7,11
2,2,192~2,4,192
4,2,144~6,2,144
4,9,164~5,9,164
2,0,247~5,0,247
1,5,206~1,5,207
4,9,194~6,9,194
5,2,121~5,2,121
3,2,150~5,2,150
7,0,229~7,2,229
5,4,78~8,4,78
3,1,3~6,1,3
7,2,22~9,2,22
4,2,194~5,2,194
1,6,159~3,6,159
3,0,115~3,0,118
1,0,117~1,3,117
3,1,62~3,2,62
5,5,165~5,7,165
0,4,255~0,6,255
0,4,92~2,4,92
6,1,26~9,1,26
1,7,262~3,7,262
3,3,269~5,3,269
0,6,145~3,6,145
5,5,67~5,6,67
0,6,220~3,6,220
1,1,45~1,4,45
6,6,129~6,8,129
9,4,285~9,7,285
2,9,240~3,9,240
8,0,198~8,2,198
1,9,190~3,9,190
0,2,154~0,4,154
0,0,9~0,2,9
6,9,166~8,9,166
6,4,187~8,4,187
3,0,149~3,3,149
2,4,50~4,4,50
2,3,112~2,5,112
0,9,271~1,9,271
0,1,206~0,3,206
3,5,189~5,5,189
0,2,269~0,5,269
2,0,138~2,2,138
2,5,187~2,6,187
8,3,179~8,5,179
2,0,12~5,0,12
1,6,152~3,6,152
2,0,125~5,0,125
5,7,120~5,8,120
6,4,89~6,6,89
5,8,137~5,8,137
6,6,148~8,6,148
0,7,8~2,7,8
4,3,39~6,3,39
2,7,252~4,7,252
3,1,113~5,1,113
9,0,61~9,2,61
6,2,122~6,3,122
8,8,25~9,8,25
4,5,230~4,7,230
5,2,42~5,4,42
3,5,249~3,7,249
8,4,231~9,4,231
8,3,46~8,3,47
2,6,87~2,6,90
2,4,41~3,4,41
8,5,135~8,8,135
0,1,192~0,1,195
7,7,109~7,7,111
2,5,156~2,8,156
8,3,114~8,5,114
2,7,81~4,7,81
5,4,228~5,6,228
0,0,114~0,4,114
0,1,135~0,1,136
4,7,191~4,7,193
3,7,1~3,9,1
1,2,5~1,3,5
0,1,99~2,1,99
2,8,107~2,9,107
4,1,189~4,3,189
5,8,48~5,9,48
0,1,1~0,3,1
7,6,160~7,7,160
4,1,212~6,1,212
7,1,277~7,3,277
5,6,241~5,9,241
2,0,17~2,3,17
6,6,12~6,8,12
8,0,93~8,1,93
5,3,198~5,4,198
6,3,223~6,7,223
3,0,114~6,0,114
1,5,271~3,5,271
7,0,162~7,2,162
4,6,146~6,6,146
1,9,261~1,9,262
8,6,206~8,8,206
3,4,1~6,4,1
5,1,285~5,3,285
8,6,4~9,6,4
6,4,46~6,5,46
2,2,287~4,2,287
6,4,15~8,4,15
1,9,45~1,9,47
6,4,111~9,4,111
4,2,141~4,4,141
1,1,75~1,4,75
3,9,235~6,9,235
3,2,50~6,2,50
4,3,261~4,6,261
9,0,62~9,0,64
0,0,147~0,2,147
1,7,63~1,7,63
2,2,290~4,2,290
4,4,268~4,4,271
1,0,256~2,0,256
2,4,64~4,4,64
2,9,234~4,9,234
2,1,24~4,1,24
5,5,268~5,8,268
7,4,211~7,7,211
9,3,208~9,6,208
9,6,113~9,9,113
6,4,42~6,4,45
8,2,203~8,5,203
7,2,171~7,3,171
9,1,170~9,2,170
7,4,29~9,4,29
1,4,5~1,7,5
1,7,288~4,7,288
8,5,10~9,5,10
0,1,190~0,3,190
1,3,35~3,3,35
6,1,186~6,4,186
6,6,208~6,8,208
0,3,221~2,3,221
2,4,275~2,6,275
9,8,129~9,9,129
0,0,52~0,0,53
5,0,172~7,0,172
4,5,146~5,5,146
8,3,207~8,5,207
0,1,197~1,1,197
7,6,180~7,6,180
7,2,281~7,4,281
0,5,64~0,7,64
2,5,155~2,8,155
2,0,54~2,3,54
7,2,79~7,6,79
8,2,36~8,5,36
7,4,287~7,6,287
1,6,49~1,8,49
7,1,167~7,4,167
3,1,47~3,4,47
8,1,90~8,4,90
6,6,13~6,6,15
1,6,101~1,6,103
5,5,175~7,5,175
4,2,283~4,2,283
0,5,248~0,6,248
0,7,206~0,7,208
2,6,105~2,8,105
6,1,266~6,3,266
7,0,68~7,2,68
8,2,211~8,4,211
1,6,42~1,8,42
1,7,20~1,9,20
0,0,148~0,0,149
7,0,118~7,1,118
6,2,234~8,2,234
1,1,19~4,1,19
3,7,153~3,7,155
3,3,278~3,4,278
2,7,60~5,7,60
9,5,35~9,8,35
5,8,206~7,8,206
3,5,85~6,5,85
4,6,158~5,6,158
1,9,189~4,9,189
0,5,146~1,5,146
8,1,237~8,2,237
7,0,122~7,2,122
3,3,203~3,4,203
2,4,289~2,5,289
1,6,112~4,6,112
0,4,57~0,5,57
4,7,283~6,7,283
3,1,81~3,1,83
1,7,114~4,7,114
2,7,15~4,7,15
5,4,10~5,4,12
4,7,255~6,7,255
1,6,105~1,8,105
2,0,200~2,3,200
3,5,41~3,7,41
6,7,99~8,7,99
2,5,200~2,8,200
1,3,186~4,3,186
4,7,167~4,9,167
0,4,194~0,6,194
3,8,81~6,8,81
4,1,58~4,3,58
8,2,281~8,4,281
5,8,187~7,8,187
0,5,180~3,5,180
9,5,209~9,7,209
6,1,161~6,2,161
2,4,109~2,4,110
3,1,85~3,2,85
3,7,63~3,9,63
1,5,157~3,5,157
8,8,207~9,8,207
7,8,27~9,8,27
6,9,72~9,9,72
0,6,106~0,7,106
6,2,191~8,2,191
5,1,18~8,1,18
4,5,157~4,8,157
8,1,79~8,4,79
1,9,259~1,9,259
0,6,188~0,8,188
7,4,282~9,4,282
2,1,156~4,1,156
4,7,127~4,7,127
7,4,123~7,4,124
6,7,102~6,9,102
9,5,120~9,8,120
5,2,57~5,4,57
1,1,278~1,3,278
4,7,181~4,9,181
2,1,86~2,1,86
4,7,111~5,7,111
2,3,69~2,5,69
3,2,103~5,2,103
7,7,85~7,9,85
9,0,204~9,1,204
3,4,40~6,4,40
5,8,22~5,9,22
1,0,141~1,2,141
0,2,2~0,2,2
4,2,206~4,4,206
2,2,1~2,2,4
0,6,246~3,6,246
6,7,78~9,7,78
5,5,235~6,5,235
6,6,108~8,6,108
2,8,182~5,8,182
2,7,264~2,8,264
1,2,140~1,4,140
3,8,160~5,8,160
8,4,61~8,7,61
5,0,45~5,3,45
1,1,94~3,1,94
4,6,14~4,6,14
9,1,91~9,3,91
7,0,125~7,1,125
3,4,96~3,6,96
7,9,157~7,9,160
0,4,65~0,7,65
0,3,193~3,3,193
3,9,132~6,9,132
6,0,1~6,0,3
6,4,128~6,7,128
1,1,83~2,1,83
3,3,110~3,4,110
5,5,191~5,7,191
7,6,277~7,6,278
5,4,177~8,4,177
3,7,232~5,7,232
5,8,210~6,8,210
7,2,128~7,2,130
1,2,137~4,2,137
4,5,13~4,8,13
5,2,181~7,2,181
7,3,91~7,6,91
6,1,30~7,1,30
5,9,24~8,9,24
1,3,151~3,3,151
7,4,129~7,7,129
2,9,211~3,9,211
5,9,104~7,9,104
0,6,100~3,6,100
3,3,206~3,5,206
0,8,158~2,8,158
9,5,95~9,7,95
1,3,90~3,3,90
7,7,23~9,7,23
3,4,146~3,6,146
3,9,87~4,9,87
2,0,253~5,0,253
7,1,59~9,1,59
2,2,162~2,6,162
5,6,227~5,8,227
3,8,82~3,9,82
4,0,90~5,0,90
9,5,33~9,7,33
2,6,197~2,7,197
3,2,57~4,2,57
5,2,143~7,2,143
3,3,64~5,3,64
0,9,8~1,9,8
3,3,208~3,6,208
4,7,113~4,9,113
5,7,3~5,8,3
9,7,109~9,7,111
5,2,41~5,4,41
6,0,209~6,2,209
8,6,203~8,8,203
5,0,9~5,3,9
3,3,92~3,5,92
6,6,1~6,6,3
0,8,111~2,8,111
3,6,233~6,6,233
3,8,12~3,8,14
5,6,8~5,9,8
5,6,63~5,7,63
3,4,100~3,5,100
3,4,152~6,4,152
1,4,179~1,4,180
5,3,96~5,4,96
5,6,202~8,6,202
4,0,22~4,0,25
4,3,157~6,3,157
5,6,284~6,6,284
2,1,49~2,2,49
2,4,237~2,6,237
5,8,131~7,8,131
5,4,149~5,6,149
5,3,80~5,5,80
2,0,14~4,0,14
9,7,15~9,9,15
1,9,142~3,9,142
9,9,73~9,9,75
6,7,137~9,7,137
2,9,40~3,9,40
2,0,19~4,0,19
6,4,131~9,4,131
6,3,221~8,3,221
8,3,228~8,5,228
2,5,184~5,5,184
3,8,10~5,8,10
1,1,64~2,1,64
3,9,244~6,9,244
3,3,287~3,5,287
7,2,124~9,2,124
6,0,118~6,2,118
6,6,236~6,8,236
4,4,147~4,5,147
0,7,52~3,7,52
5,1,111~8,1,111
9,4,279~9,7,279
0,1,69~0,4,69
1,1,125~1,2,125
3,0,13~5,0,13
1,2,96~3,2,96
6,2,208~8,2,208
5,1,290~5,3,290
2,7,80~4,7,80
6,7,266~8,7,266
0,2,224~1,2,224
9,2,138~9,3,138
8,7,110~8,8,110
5,4,273~8,4,273
1,3,144~1,5,144
5,5,286~5,7,286
4,1,8~4,3,8
0,0,270~0,2,270
5,8,58~7,8,58
0,1,90~0,4,90
5,1,200~8,1,200
4,2,52~7,2,52
6,1,4~9,1,4
7,6,184~9,6,184
8,1,44~8,1,45
0,5,201~3,5,201
2,8,201~5,8,201
2,1,57~2,3,57
0,1,70~0,1,73
3,6,204~3,8,204
8,3,134~8,5,134
2,3,12~2,6,12
4,0,117~4,2,117
1,2,163~4,2,163
4,7,67~4,9,67
2,1,241~3,1,241
6,3,265~6,6,265
5,6,9~5,7,9
0,7,128~2,7,128
8,6,26~8,7,26
2,7,161~4,7,161
5,0,58~5,3,58
5,7,66~5,9,66
7,6,96~7,9,96
0,1,269~1,1,269
1,4,154~3,4,154
2,1,26~4,1,26
1,7,291~3,7,291
2,0,220~5,0,220
0,3,24~0,6,24
0,1,153~0,3,153
6,2,123~6,4,123
0,6,104~0,8,104
4,8,133~6,8,133
5,3,31~7,3,31
6,8,59~6,9,59
0,8,72~0,9,72
5,3,237~5,4,237
5,6,236~5,9,236
1,7,19~3,7,19
8,9,254~9,9,254
6,1,199~8,1,199
1,5,235~3,5,235
0,7,211~0,8,211
0,1,186~0,3,186
5,0,46~5,0,49
6,7,183~8,7,183
6,7,85~6,7,87
4,6,166~4,9,166
6,0,159~6,0,161
2,7,109~2,9,109
6,1,139~8,1,139
7,2,235~7,4,235
6,3,284~7,3,284
0,3,22~0,5,22
8,3,209~8,3,210
7,0,94~9,0,94
0,1,220~2,1,220
5,8,269~5,8,269
3,6,164~3,7,164
5,7,56~6,7,56
6,2,114~9,2,114
2,7,122~6,7,122
3,1,183~3,3,183
3,8,116~5,8,116
9,3,43~9,3,45
8,8,210~9,8,210
1,1,266~1,4,266
1,9,212~4,9,212
8,0,11~9,0,11
1,6,249~1,9,249
0,4,209~0,7,209
7,4,121~8,4,121
0,8,38~2,8,38
1,0,242~1,2,242
7,2,190~7,4,190
5,2,230~5,4,230
3,6,282~3,6,283
9,6,79~9,8,79
3,3,109~3,6,109
6,2,79~6,4,79
3,7,157~3,7,158
1,6,117~1,7,117
5,7,142~8,7,142
3,7,208~3,9,208
6,3,191~6,3,192
5,7,181~7,7,181
3,5,9~5,5,9
7,0,213~7,2,213
1,5,239~1,7,239
5,2,91~8,2,91
2,0,217~2,2,217
3,2,2~6,2,2
0,2,6~2,2,6
2,1,6~5,1,6
2,1,196~2,3,196
3,4,28~3,7,28
1,0,86~1,0,87
7,7,236~7,9,236
7,1,205~7,3,205
1,2,118~1,2,120
3,1,98~3,2,98
2,4,31~4,4,31
8,4,125~8,4,126
1,1,9~1,2,9
5,2,202~5,5,202
6,5,92~6,7,92
8,3,48~8,6,48
7,0,127~9,0,127
7,4,204~9,4,204
0,9,12~0,9,15
6,1,132~9,1,132
4,7,45~4,8,45
1,6,2~1,9,2
4,0,89~4,3,89
7,0,9~8,0,9
8,4,18~8,7,18
0,1,66~3,1,66
8,3,117~8,5,117
3,3,30~3,3,32
7,6,62~7,8,62
6,2,164~8,2,164
4,1,101~4,4,101
8,3,233~9,3,233
2,5,39~2,6,39
8,3,123~8,6,123
9,3,191~9,4,191
7,3,33~9,3,33
2,7,263~2,8,263
4,8,172~4,8,174
5,5,239~5,8,239
4,0,55~4,3,55
5,9,38~7,9,38
4,0,255~6,0,255
4,5,122~5,5,122
4,2,119~6,2,119
6,4,192~6,6,192
3,3,182~3,6,182
4,2,140~6,2,140
0,0,22~2,0,22
4,1,192~6,1,192
0,2,127~3,2,127
3,1,197~3,3,197
0,2,183~0,5,183
6,9,39~8,9,39
5,5,277~7,5,277
6,6,281~6,9,281
2,0,59~4,0,59
3,3,18~5,3,18
6,4,153~7,4,153
1,7,294~2,7,294
0,2,226~0,3,226
3,0,80~3,3,80
3,8,21~5,8,21
8,4,26~9,4,26
2,6,102~2,8,102
9,2,121~9,4,121
6,3,116~6,4,116
5,3,76~5,5,76
3,2,188~3,3,188
7,2,66~8,2,66
8,3,287~9,3,287
0,9,191~1,9,191
4,4,37~4,5,37
0,2,155~2,2,155
0,1,91~0,3,91
0,1,159~0,3,159
8,7,181~9,7,181
2,6,96~2,6,99
5,0,50~7,0,50
7,1,210~9,1,210
5,3,101~5,4,101
9,9,132~9,9,132
9,3,85~9,5,85
9,8,213~9,8,215
0,2,267~0,3,267
4,0,120~5,0,120
1,0,15~1,3,15
0,7,130~1,7,130
1,6,203~1,8,203
2,8,227~3,8,227
5,8,25~6,8,25
2,6,93~6,6,93
7,0,53~7,1,53
4,0,178~5,0,178
3,6,52~5,6,52
0,9,17~0,9,18
5,8,162~7,8,162
0,0,245~2,0,245
4,7,70~6,7,70
3,0,56~4,0,56
7,2,119~7,5,119
5,9,33~8,9,33
2,4,106~2,5,106
3,3,83~3,5,83
3,6,86~6,6,86
2,3,146~4,3,146
0,6,83~0,6,85
1,1,98~1,4,98
7,1,214~7,1,216
0,3,28~2,3,28
4,9,6~7,9,6
7,1,56~8,1,56
8,7,113~8,9,113
6,5,278~6,7,278
3,1,10~4,1,10
0,1,146~3,1,146
9,7,138~9,7,140
7,4,93~7,4,95
2,2,48~3,2,48
5,0,156~7,0,156
8,5,24~9,5,24
8,4,141~8,6,141
5,0,131~7,0,131
5,4,114~5,6,114
1,6,150~5,6,150
6,3,264~6,5,264
2,9,84~3,9,84
4,7,210~6,7,210
0,2,199~0,3,199
0,4,61~0,6,61
8,7,284~8,7,284
9,5,30~9,8,30
3,8,206~3,9,206
4,9,135~4,9,137
3,7,37~3,9,37
3,6,216~3,6,218
7,0,167~9,0,167
2,4,104~4,4,104
1,1,239~3,1,239
7,3,28~8,3,28
4,1,141~4,1,142
8,0,150~8,2,150
9,3,92~9,5,92
7,0,159~7,2,159
0,1,19~0,4,19
6,0,56~8,0,56
6,8,202~8,8,202
4,9,31~5,9,31
0,5,251~2,5,251
3,1,159~3,1,159
9,3,213~9,3,214
2,2,241~4,2,241
6,0,259~8,0,259
3,2,78~4,2,78
2,3,87~4,3,87
7,3,276~7,6,276
6,1,237~6,2,237
0,5,106~0,5,107
6,1,224~6,3,224
7,3,239~7,5,239
3,1,195~5,1,195
1,8,33~3,8,33
1,3,254~1,5,254
6,6,60~6,6,62
6,1,48~6,3,48
5,1,54~5,4,54
3,2,281~5,2,281
7,3,82~7,4,82
5,0,201~7,0,201
7,2,116~7,6,116
2,3,277~5,3,277
7,8,87~8,8,87
0,5,143~2,5,143
2,1,32~2,1,33
8,6,199~8,8,199
0,6,148~0,8,148
4,8,194~6,8,194
9,7,80~9,8,80
7,1,29~8,1,29
9,6,20~9,8,20
8,7,69~8,9,69
7,3,39~7,4,39
9,2,40~9,4,40
9,7,36~9,7,39
5,1,239~5,3,239
4,5,291~4,7,291
4,8,284~6,8,284
2,7,211~4,7,211
9,5,277~9,7,277
8,0,6~8,1,6
2,3,272~2,4,272
7,6,84~8,6,84
5,9,195~6,9,195
4,1,105~4,4,105
3,9,296~5,9,296
6,0,202~6,1,202
3,2,59~3,4,59
1,6,60~1,8,60
8,4,143~8,6,143
1,5,203~2,5,203
4,2,279~4,3,279
8,5,269~8,7,269
5,7,73~7,7,73
7,5,140~7,7,140
4,0,17~5,0,17
5,5,176~5,5,179
8,7,200~8,9,200
7,9,252~9,9,252
5,0,25~7,0,25
5,7,11~5,9,11
8,2,274~9,2,274
3,4,71~5,4,71
2,1,273~2,1,274
2,9,140~4,9,140
7,1,208~9,1,208
5,3,151~5,5,151
7,4,65~8,4,65
5,1,15~5,4,15
