327367788702047, 294752664325632, 162080199489440 @ 20, 51, 36
349323332347395, 429135322811787, 397812423558610 @ -96, -480, -782
342928768632768, 275572250031810, 310926883862869 @ -69, 104, -510
308103110384633, 244954649487980, 207561383118617 @ 220, 463, -401
340999127475480, 254564767726572, 208239482774805 @ -9, 429, -458
343240821178976, 142303638369464, 376763854620819 @ -104, 127, -12
326497806237555, 369602061347187, 175400063083000 @ 116, -484, -232
224914172513640, 232860203514162, 395775420910315 @ 19, 21, -15
397260347804943, 316187216997846, 479392317394901 @ -210, -63, -525
284365134183595, 277589471545153, 192832852241563 @ 158, 92, -31
278215996681754, 276175917103936, 296821842607218 @ 41, 19, -98
190366346246272, 260134954974952, 337585285708597 @ 107, 11, -25
312672539704038, 305065464648261, 148709847682799 @ 57, -12, 133
345595901783463, 296598876846453, 202976287684123 @ -78, 24, -95
206227836852120, 142096590171452, 409373458717545 @ 63, 145, -78
248377546817892, 336344348572704, 339976560777823 @ 42, -95, -58
344463098346920, 231684378396672, 164305439283315 @ -82, 222, 109
356803345979738, 281552513186591, 275932811357167 @ -131, 214, -955
342298429783830, 324055910417214, 129850975547473 @ 48, -136, 58
335362772215035, 318514707012060, 143389671377050 @ 78, -65, -24
207630950140722, 117851773170038, 248024139807447 @ 42, 148, 135
314906589330256, 288880330227564, 131002841153423 @ 19, 33, 219
319044443628292, 159229470027796, 301466653019663 @ -70, 140, 34
326019400747332, 240456753800433, 439383292155988 @ -65, 72, -306
200894771091644, 164856422812436, 280811147461027 @ 37, 85, 113
242703890951151, 333046101194406, 416529825968656 @ 26, -87, -106
311181268831755, 378228982887107, 322897051936370 @ 114, -382, -828
285520057018548, 316652416593489, 302181992756626 @ -25, -66, 30
118969764494481, 326474842005783, 156415357725823 @ 164, -78, 229
334514827715520, 270473517336816, 109270681952299 @ 83, 405, 315
262031733327045, 221418703806765, 151344375038380 @ 208, 272, 146
258550682027120, 299635744955272, 201437424955299 @ 58, -34, 120
277404111187150, 275632410864552, 370647115635005 @ -31, -21, -5
258040598532192, 20831559221688, 504808089697171 @ 15, 337, -253
290286667374804, 475481903990256, 113501856203227 @ 54, -483, 279
284161740215618, 333266571909957, 458101546678638 @ -43, -84, -80
342238090978925, 229211214784677, 245069534420810 @ -80, 192, -104
294258759542628, 104943332712894, 67799591815177 @ 41, 488, 398
313255476666425, 266372684340557, 103062962739460 @ 206, 338, 356
264482530307900, 233379041068424, 354553595013703 @ -7, 35, -13
115796978319240, 90830758175082, 11620065100045 @ 207, 240, 418
345421828473720, 317105305420218, 132574386597043 @ -17, -50, 73
351811686817566, 253432030699737, 333821400452533 @ -111, 56, -141
75339331239108, 105187420929358, 99889611731331 @ 231, 197, 297
386342488441404, 348300680008680, 375866602228603 @ -164, -113, -113
307918918904010, 320761147840732, 386200051963500 @ -15, -73, -312
277010117415206, 250393671496792, 314031597956525 @ -26, 11, 46
222431960783680, 267735306900920, 418919295581555 @ 28, -13, -54
427909085162160, 457008361102452, 398482546976375 @ -201, -228, -48
345505256784794, 468834640747538, 167655858528405 @ -80, -656, 66
301105425783938, 271328649627100, 307480395072542 @ -31, 7, -30
353527357437084, 313206243360168, 303328580064841 @ -115, -61, 14
312830601482040, 315717280449192, 291640661534695 @ 41, -57, -390
355011792846495, 304704895213362, 139122421988035 @ -118, 181, -183
334248551328771, 330520181264724, 147856345266592 @ 90, -185, -70
307173437195181, 305393529217167, 171645978374151 @ 42, -24, 85
344546920221045, 305594324713560, 233894922556636 @ -92, -37, -10
261078935338201, 313218053976715, 272304727917951 @ 196, -50, -251
396179411464925, 253132876328487, 242558712352655 @ -164, 6, 133
272657102297184, 293198521588632, 423076954499827 @ -21, -39, -81
188231121385734, 414589341016520, 419461061339643 @ 120, -205, -155
363227560190838, 163509631854381, 384559967143855 @ -131, 194, -179
396145383993576, 391735407717261, 374599000509391 @ -173, -168, -75
162039752781620, 305642616569862, 405658020265485 @ 101, -54, -50
338956866817362, 391643498114559, 149522695673635 @ 57, -860, -119
267608701590600, 208449288605172, 232718137820221 @ 223, 361, -186
318409219457374, 354264103792486, 306857230125499 @ -56, -128, -43
350383576543956, 353709798893438, 187665168747245 @ -81, -343, -309
352882658173558, 250052878009944, 183522102918091 @ -104, 363, -163
318821693962603, 318916597757112, 535436375382015 @ -64, -69, -339
322581580619684, 293195293727456, 227604428682023 @ -44, -11, 22
57244553552124, 300636135060714, 56163117530365 @ 225, -48, 346
309135801406200, 357862870692714, 440352386172193 @ -57, -120, -148
277150694314560, 282551567061072, 70460582652835 @ -25, -26, 331
337558208911191, 327149621499457, 119546695593120 @ 126, -184, 186
255067418888142, 285366588638640, 306420554705287 @ 14, -25, 27
324358178069316, 300318562326188, 206635584161661 @ -15, -7, -32
257116669407840, 191523008397112, 272751850302995 @ -21, 56, 124
193192075303360, 273420790363467, 287651606046848 @ 43, -24, 108
318387442393338, 227966652798926, 275892826012447 @ -78, 28, 107
397935260844360, 260986608233232, 386511420300655 @ -163, -7, -12
323631268902000, 292019092391772, 183053538243325 @ 67, 89, -132
421581493417809, 327920185241097, 378051213261593 @ -228, -84, -161
329261152622801, 336268250451956, 172141543983801 @ -40, -121, 103
277038195856422, 313990826194015, 290073278338327 @ 57, -58, -115
357347920480566, 286212613685750, 489240147961539 @ -120, -28, -191
289193236197130, 190703331258557, 215360250641410 @ 181, 512, -184
282181128147654, 322175126916306, 280740783163059 @ 84, -78, -183
312297236951800, 239444701380472, 299738199423635 @ -44, 67, -39
315634043350082, 320019052972614, 210496531174679 @ 97, -75, -251
324598297839386, 284904436950076, 158995683351169 @ 74, 145, -10
114971516492220, 290118586211820, 362328268792699 @ 158, -36, -5
390372686545024, 248081116739704, 240481615376915 @ -178, 53, 61
273609284324379, 201788386905021, 142564293016960 @ 224, 422, 156
356432749254202, 396501266695917, 272348249598091 @ -119, -174, 65
263039075787648, 290192888304402, 257321506312142 @ -21, -39, 130
214474151913982, 80159539935456, 391295402858767 @ 116, 327, -181
400097137750398, 413917329573306, 225264099324313 @ -184, -210, 114
85674809884110, 96543324031416, 60626766037375 @ 193, 187, 341
356660861790342, 290484668523412, 238414629279789 @ -123, 31, -161
336533122621020, 314618172293542, 305560587146975 @ -87, -62, -33
232834998583264, 223309533632680, 374660652525363 @ 35, 50, -45
258305174466822, 300729812784357, 186012264385648 @ 69, -34, 140
196546679789840, 207858628486482, 405456428826635 @ 67, 60, -59
343383853904084, 323748482383760, 80321013124855 @ 65, -145, 791
360956644225800, 196882067904352, 321375962939235 @ -138, 358, -449
203764360926860, 16535427538192, 237768485907350 @ 143, 451, 66
230856624814347, 301005499848786, 238549642137220 @ 174, -27, -14
398766259886568, 258393751819656, 353481896728507 @ -214, 65, -252
118296612619394, 159345669361986, 163623189381223 @ 190, 138, 215
187052322100086, 392691993123033, 355271514419173 @ 81, -156, -5
308600123972385, 247277327294667, 262766562564661 @ -62, 16, 103
325330417327448, 235053042220967, 80942699188193 @ 19, 316, 427
329894179971440, 317305548510084, 136374224356579 @ 163, -51, 17
331805747578533, 327974979762333, 161056872761347 @ -48, -96, 137
244941368779650, 192803472609222, 314884270034375 @ 6, 72, 55
241651509635619, 340134469742262, 75402047372971 @ 150, -119, 369
287862410506545, 468817037499312, 414964130579335 @ -6, -317, -219
319256190328595, 473030738251437, 390499235500110 @ -76, -246, -38
286404612639621, 397259835924768, 395849476354501 @ -40, -157, -37
152305894639266, 148730743913955, 410816679607162 @ 89, 104, -22
179252600851968, 213230976593592, 397436144076067 @ 149, 91, -150
334761146583724, 265678399200268, 216599327823043 @ -40, 134, -115
332271651654978, 252458524745110, 197111439064107 @ -60, 98, 69
394775917531061, 326018427068276, 415334158074644 @ -274, -97, -912
369039691503488, 194794778327694, 474987549550562 @ -149, 213, -542
272822624399128, 316929525459438, 281646647369125 @ 7, -66, 26
329065970563872, 247002777000312, 196165534144723 @ -90, 6, 194
118099130981308, 311456572086088, 379441419805943 @ 137, -61, -5
221704973343626, 14212114746546, 122063681975415 @ 26, 258, 271
396338327907742, 356792913368244, 401026348662673 @ -176, -123, -130
367838001032416, 332604843690464, 485548906016363 @ -133, -86, -182
529245147283780, 511502455489112, 363107117118435 @ -298, -269, 21
364265916551331, 213956566496988, 458097862987243 @ -128, 55, -127
199348068219166, 301432678901252, 74280880583943 @ 61, -49, 325
370702961013320, 404270838932452, 286288627113375 @ -167, -340, -270
305312933442186, 286181647423299, 210950353068274 @ 21, 22, 8
229423764130540, 209781325324740, 328966558247403 @ 128, 144, -141
302248865121909, 285565857291496, 174384817034536 @ 60, 43, 74
332984970196110, 391417518029805, 175481988632768 @ -27, -366, 24
281664817563720, 291855627244152, 217606762804555 @ 13, -21, 95
332634953579502, 335328356916537, 123030204473408 @ -15, -144, 234
355609485951046, 333643745838447, 259362442965459 @ -119, -114, -167
274829270887800, 256379485446072, 116654071586275 @ 6, 27, 275
348832218870102, 248372132581122, 180095500895233 @ -94, 196, 28
287187743171289, 279649620396066, 340113967754182 @ -10, -7, -78
256233287792617, 295650984030889, 251081583682215 @ 40, -32, 61
312263175499515, 265789061089088, 324306942727002 @ -72, -13, 58
344024454445076, 263730945089124, 155667676364159 @ -76, 138, 120
270217171639440, 299144450397840, 388614034270011 @ -27, -48, -12
269531958616615, 311446146385807, 231623119540645 @ 146, -46, -85
261202797584934, 231070096452270, 316490328622603 @ 10, 50, 5
229221528580531, 317158088422066, 408175070354563 @ 26, -67, -55
416873575149661, 216791066622121, 526072454849397 @ -194, 58, -233
235871105167530, 216592704862448, 347384773704599 @ 18, 47, 15
324949761178560, 209564368497720, 271439590870099 @ -72, 95, 43
362475428541855, 393118691811724, 333346322229195 @ -132, -217, -159
234103803350345, 33041136093047, 524472843355605 @ 28, 274, -213
306539772368415, 236170664579238, 431405372390137 @ -62, 25, -81
199264128536817, 406557124164117, 457121217595537 @ 34, -154, -53
413396950324575, 353326375982907, 335589780100555 @ -224, -132, -127
274818244544298, 364708998609696, 269838877213894 @ 9, -141, 34
335946873424701, 359508928645661, 150065380894043 @ 156, -652, -255
320130988906364, 337922630697757, 99747827926781 @ 167, -224, 387
286576064953360, 357257613221486, 114454974093909 @ 163, -226, 274
250274014452924, 231928217990628, 103899226158379 @ 25, 49, 293
257262866509280, 417637014963384, 443870234779539 @ 73, -261, -363
301337305991568, 190499040119064, 269295772074043 @ 45, 319, -192
284034357193998, 425297481020595, 479863844309443 @ -15, -222, -247
173988072487226, 322960550238656, 448393558034987 @ 62, -73, -51
252672399866532, 321220258706882, 215949512616531 @ 105, -74, 57
295511942122416, 359307356826816, 189335526340519 @ 39, -175, 80
350870013267381, 329809751807616, 209422244265058 @ -84, -157, -500
340123140920353, 246318814821063, 347712519956628 @ -98, 24, -20
386777711695712, 361181208398492, 267881484656371 @ -181, -154, -31
249797501928630, 286021192164450, 266976420091447 @ 78, -8, -5
478267300010685, 498333150696117, 554566068913375 @ -328, -376, -475
260294840522610, 244909606173666, 345093033782305 @ -7, 17, 11
343293101318655, 336752360266482, 527083984976815 @ -100, -95, -323
332404310193300, 202154416614364, 231011058932451 @ -72, 164, 45
243695448555825, 252160899268815, 245739413008636 @ 98, 60, 24
177737492625675, 490259439452487, 214572105131515 @ 64, -244, 177
348901325020682, 222058661506904, 255164901750529 @ -98, 235, -166
328410361399148, 309436388958122, 310881865965726 @ -89, -59, 72
222559081334037, 375196372996410, 122433004362124 @ 170, -191, 260
378931534789400, 412135921271242, 293396696637455 @ -233, -520, -593
233728303629015, 254062838444562, 247940646479920 @ 126, 61, 10
324892364230336, 243760143242152, 274868711091963 @ -61, 71, -21
269237808051214, 230548414267312, 372547961526847 @ -20, 31, -13
326234406869964, 271049032479852, 312991483476706 @ -81, -9, 30
339902216849912, 189640217685608, 207489150475403 @ -83, 223, 67
368916715932030, 324035913385539, 268651932568930 @ -147, -80, -54
285362587475496, 288631034309346, 273194550970957 @ -9, -22, 32
244218954454206, 236735170042084, 91155465972209 @ 201, 167, 343
332081472418720, 303334043855122, 151487448006645 @ 43, 40, 10
216022172486200, 249753557649192, 298393662356515 @ 112, 45, -25
251296085380112, 399650902691274, 415748325523443 @ -13, -150, -23
322618160468711, 293996506127028, 204119171377143 @ -8, 15, -27
298521072496170, 224442113163972, 306710815567795 @ 18, 157, -183
354167155507200, 171599768811672, 192312345507955 @ -115, 305, 79
285764745235078, 234399453740405, 148654340457353 @ 41, 124, 199
459580225213746, 499780452459174, 552333884347183 @ -246, -292, -261
318998855023380, 265838558642772, 198697681535863 @ -12, 86, 30
232904699575934, 114089698994385, 197334781791855 @ 85, 270, 141
310945746803270, 381409660668043, 236851443904036 @ -67, -140, 140
346693945790815, 317891510135407, 126855531683245 @ 20, -52, 47
272048920811618, 327403041284050, 340573870597709 @ 10, -82, -68
266037719587928, 145217829811416, 393972078740819 @ -31, 99, 9
337723017850155, 157264700010707, 415535097338020 @ -96, 128, -88
380110249957320, 255329579512362, 353817164643085 @ -153, 22, -64
425518977157155, 362599093212867, 337206324870253 @ -222, -134, -53
242420145694552, 311537266587160, 279702869786999 @ 5, -61, 100
255130971317123, 198740162172836, 314331781111427 @ -14, 55, 73
327892896743734, 268482778620929, 229252896099202 @ 37, 218, -382
311307953604985, 295025612426276, 193147856545610 @ -22, -17, 106
317938818770370, 141979509425871, 522884192173561 @ -67, 170, -273
267329993776356, 342909144209245, 314074261426038 @ -33, -92, 88
197449470025688, 127769175414112, 351297485150899 @ 89, 181, -31
335371226563796, 317470819809476, 151124334858627 @ 32, -58, -11
312958829242744, 224425334971566, 261640825244059 @ -73, 30, 125
335310387450551, 439360284823958, 360073715081107 @ -56, -443, -487
352971654207570, 306554078691237, 130991786891335 @ -87, 118, 5
264959898233210, 130436403301542, 344525200654090 @ -11, 153, 8
259812582686195, 231385623474997, 352504257709150 @ 8, 46, -34
344564913222864, 356147548671996, 122269698812503 @ -69, -241, 237
293049568713303, 427774362711596, 2990557730858 @ 90, -433, 648
344327845244652, 328184418214962, 117873696053512 @ 55, -219, 198
318901162361646, 292607079940458, 114856759669406 @ 105, 93, 268
296371663973445, 234862323492987, 347078630318335 @ -48, 30, 5
217054452778896, 343648751439150, 243151403299399 @ 67, -102, 107
331972899911100, 323957820778128, 167161056440743 @ 38, -103, -86
351380939959206, 326497822769172, 126391707088543 @ -84, -139, 155
294860310249420, 314674623466272, 315653272312015 @ -32, -63, -6
252238156933623, 322324263746301, 232013811688450 @ 94, -76, 36
143886188380965, 394362451557324, 191784015571819 @ 118, -153, 193
377233640937442, 232839822002777, 469204620484787 @ -139, 16, -71
371362544872137, 268478423558119, 248867803519539 @ -144, 14, 57
309319235627140, 363351368418682, 311861312220573 @ 73, -254, -548
343726212782880, 451166122742072, 349172718903155 @ -99, -281, -98
358175041071188, 190917820121109, 138506262345779 @ -121, 90, 249
330482915820918, 306680582649411, 499848525474103 @ -51, -36, -763
265138647128135, 371053863952595, 420311559791449 @ 88, -188, -421
222301148235939, 318207219159249, 245399299867216 @ 70, -68, 94
329336957570084, 272177395395841, 96393594535195 @ 71, 274, 401
276297948001760, 322357841421124, 314304059530395 @ 43, -76, -129
330675182081272, 286399056745887, 215067364448823 @ -61, 6, 45
331896480059368, 206094817798454, 253566847854649 @ -89, 68, 110
361270737625423, 350163145618990, 204490685150647 @ -136, -163, 5
283873308943392, 108962503010408, 143021014161971 @ -9, 250, 235
259452750813939, 250209982489212, 283824974083906 @ 22, 31, 32
232263235004970, 101343296861518, 471005298278377 @ 33, 197, -157
271656766603890, 543383270753976, 388067905664551 @ -22, -325, -33
309140071258740, 259116129626376, 435378672868951 @ -22, 55, -388
286022119739173, 286123311460411, 418593090589128 @ -14, -20, -176
249737268107484, 401815374307104, 286514091373549 @ 81, -225, -46
259585698107592, 292703997449216, 155968406829855 @ 225, 25, 126
326215854488469, 230253442981827, 319422373198189 @ -70, 76, -57
320080679606400, 306129366732808, 267935987679979 @ -57, -47, 14
343190655203224, 340212540287096, 138850205813267 @ 20, -317, -23
402858142986315, 386803950489927, 324930214937365 @ -280, -300, -441
174799936888336, 308842140008705, 321346038975027 @ 187, -52, -71
358426866312576, 433489966873560, 374296829544787 @ -129, -465, -623
320202068124900, 193806237276000, 117958433753548 @ -57, 147, 272
200843183188960, 262087885207148, 396889064816655 @ 43, -10, -14
394703333648199, 357935657155929, 377126979301810 @ -226, -176, -444
191657780770010, 250703857835742, 190880095067677 @ 278, 96, 92
354182643993050, 281537178862844, 161632221405826 @ -107, 415, -352
223573481572170, 190162762582245, 305438316614255 @ 33, 78, 61
357744617823600, 369927739010232, 262590729497875 @ -131, -325, -471
149034486064710, 228780595705482, 314269083889585 @ 164, 54, 6
427193159656920, 399582602966782, 377016966895530 @ -237, -203, -158
266057576683500, 336585640112952, 323669695189675 @ 44, -101, -101
399624993440722, 357205209818028, 292793142115190 @ -215, -153, -114
361619009925782, 293212351326330, 179862145524988 @ -131, -15, 140
462353359618540, 314688313757812, 491599748404115 @ -244, -64, -167
285238896163378, 289977860074004, 323209048853075 @ -11, -25, -39
319254369729111, 325768223513041, 325867124264416 @ -18, -88, -310
315205776215820, 117646991840612, 88454342732085 @ 9, 569, 358
420116791687488, 540777167474184, 464929763086243 @ -201, -355, -173
329761346879984, 277734752982332, 258577681798703 @ -65, 16, -20
64687924904884, 184382725603497, 137206206094765 @ 239, 96, 251
384075999156012, 450178658087664, 221840790619711 @ -184, -371, 30
285366097251256, 513896674069980, 397665882941531 @ -11, -366, -153
377269003540410, 287676917251386, 317629120968025 @ -172, 8, -224
282660874321120, 232163711698872, 326916689523115 @ -37, 27, 44
257628460676370, 279695476791162, 204987768042310 @ 17, -15, 154
290331287025816, 171555072286190, 209925777169752 @ 147, 533, -116
340799010729088, 256984380787972, 200335351780333 @ -85, 71, 83
157253751004320, 353424442708152, 298225168678675 @ 158, -117, 23
335854970605956, 370879766207367, 114711676008196 @ -49, -254, 274
335107100413533, 372353105203077, 331071803917492 @ -26, -314, -720
358045476868104, 261226688897144, 298177351973875 @ -120, -13, 101
351064489788240, 285879608634072, 151139840777395 @ -56, 449, -321
342654759315729, 286861565697390, 150391528090462 @ -18, 189, -22
463293134538045, 400428187201267, 420219598957445 @ -222, -148, -17
225868687861977, 191661350337015, 272958943063360 @ 24, 70, 106
218066277180750, 265351466465802, 402393989790215 @ 21, -15, -11
305805593832970, 265835297377494, 358492263083585 @ -67, -15, 31
243007279673724, 197775161693240, 239295037954987 @ 90, 155, 47
332720881217046, 293762908264600, 176977244878071 @ -18, 43, -5
